0.76426
0.47148
0.94296
0.11408
0.22816
0.45632
0.91264
0.17472
0.34944
0.69888
0.60224
0.79552
0.40896
0.81792
0.36416
0.72832
0.54336
0.91328
0.17344
0.34688
0.69376
0.61248
0.77504
0.44992
0.89984
0.20032
0.40064
0.80128
0.39744
0.79488
0.41024
0.82048
0.35904
0.71808
0.563841
0.872318
0.255363
0.510727
0.978546
0.0429077
0.0858154
0.171631
0.343262
0.686523
0.626953
0.746094
0.507812
0.984375
0.03125
0.0625
0.125
0.25
0.5
1
0
0
0
0
0
0
0
0
0
0
0
0
0
0
0
0
0
0
0
0
0
0
0
0
0
0
0
0
0
0
0
0
0
0
0
0
0
0
0
0
0
0
0
0
0
0
0
